1001000000000001
1001100000000001
1001101000000001
1001110000000001
1001001000000111
1001010000000101
0000001010011000
0010001010011000
0011001010011000
0001001011000011
0100001010011000
0101001010011000
0110001010011000
1000011000000110
1011001010011010
1010010001011000
1100001010000011
0000000000000000
0000000000000000
0000000000000000
0000000000000000
0000000000000000
1101001000000011
0000000000000000
0000000000000000
0000000000000000
0000000000000000
0000000000000000
1001001000000111
1001010000000101
1111011001000000